tile.map=tiles/tile1.png
case.size=32


[MAP]
9,10,11,2,2,2,2,2,2,2,2,2,2,2,2,
9,10,11,2,2,2,2,2,2,2,2,2,2,2,2,
9,10,11,2,2,2,2,2,2,2,2,2,2,2,2,
9,10,11,2,2,2,2,2,2,2,2,2,2,2,2,
9,10,11,2,2,2,2,2,2,2,2,2,2,2,2
9,10,11,2,2,2,2,2,2,2,2,2,2,2,2,
9,10,8,6,6,6,6,6,6,6,6,6,6,6,6
10,10,10,10,10,10,9,10,10,10,10,10,10,10,10,
2,2,2,2,2,2,9,10,12,14,14,14,14,14,14,
2,2,2,2,2,2,9,10,11,2,2,2,2,2,2,
2,2,2,2,2,2,9,10,11,2,2,2,2,2,2,
2,2,2,2,2,2,9,10,11,2,2,2,2,2,2,
2,2,2,2,2,2,9,10,11,2,2,2,2,2,2,
2,2,2,2,2,2,9,10,11,2,2,2,2,2,2,
2,2,2,2,2,2,9,10,11,2,2,2,2,2,2
2,2,2,2,2,2,9,10,8,6,6,6,6,6,6,
2,2,2,2,2,2,9,10,10,10,10,10,10,10,10
2,2,2,2,2,2,9,10,12,14,14,14,14,14,14,
[/MAP]

[PORTES]
    [PORTE]
        FromX=0
        FromY=0
        ToMap=1
        ToX=14
        ToY=17
    [/PORTE]
[/PORTES]

[EVENTS]
	[EVENT]
		CoordX=5
		CoordY=3
		TypeEvent=com.rpgvdl.entity.event.bo.Caisse
	[/EVENT]
	[EVENT]
		CoordX=7
		CoordY=5
		TypeEvent=com.rpgvdl.entity.event.bo.Coffre
	[/EVENT]
[/EVENTS]