tile.map=tiles/tile1.png
case.size=32


[MAP]
2,2,2,2,2,2,9,10,11,2,2,2,2,2,2,
2,2,2,2,2,2,9,10,11,2,2,2,2,2,2,
2,2,2,2,2,2,9,10,11,2,2,2,2,2,2,
2,2,2,2,2,2,9,10,11,2,2,2,2,2,2,
2,2,2,2,2,2,9,10,11,2,2,2,2,2,2,
2,2,2,2,2,2,9,10,11,2,2,2,2,2,2,
2,2,2,2,2,2,9,10,8,6,6,6,6,6,6,
2,2,2,2,2,2,9,10,10,10,10,10,10,10,10,
2,2,2,2,2,2,9,10,12,14,14,14,14,14,14,
2,2,2,2,2,2,9,10,11,2,2,2,2,2,2,
2,2,2,2,2,2,9,10,11,2,2,2,2,2,2,
2,2,2,2,2,2,9,10,11,2,2,2,2,2,2,
2,2,2,2,2,2,9,10,11,2,2,2,2,2,2,
2,2,2,2,2,2,9,10,11,2,2,2,2,2,2,
2,2,2,2,2,2,9,10,11,2,2,2,2,2,2
2,2,2,2,2,2,9,10,11,2,2,2,2,2,2,
2,2,2,2,2,2,9,10,11,2,2,2,2,2,2,
2,10,2,2,2,2,9,10,11,2,2,2,2,2,2,
[/MAP]

[EVENTS]
	[EVENT]
		CoordX=5
		CoordY=3
		TypeEvent=com.pconnect.entity.event.bo.Caisse
	[/EVENT]
	[EVENT]
		CoordX=7
		CoordY=5
		TypeEvent=com.pconnect.entity.event.bo.Coffre
	[/EVENT]
[/EVENTS]